capture_format: R8G8B8
focal_length_x: 382.192834
focal_length_y: 382.192834
image_topic: /simulation/sensors/raw/camera
info_topic: /simulation/sensors/camera/info
optical_center_x: 640.0
optical_center_y: 138.0
r11: 0
r12: -1
r13: 0
r21: -0.155511
r22: 0
r23: -0.9878341606155358
r31: 0.9878341606155358
r32: 0
r33: -0.155511
t1: -5.1331
t2: 257.682
t3: 47.2903
update_rate: 60
