capture_format: L8
focal_length_x: 382.192834
focal_length_y: 382.192834
image_topic: /simulation/sensors/raw/camera
info_topic: /simulation/sensors/camera/info
optical_center_x: 640.0
optical_center_y: 138.0
r11: 0
r12: -1
r13: 0
r21: -0.157063
r22: 0
r23: -0.9875885854094305
r31: 0.9875885854094305
r32: 0
r33: -0.157063
t1: 1.72428
t2: 260.255
t3: 47.7248
update_rate: 60
