 
# Automatically generated by camera_calibration.py
# Author: Konstantin Ditschuneit

# Parameters calculated using given horizontal fov and width of image
focal_length_x: 377.0
focal_length_y: 377.0
optical_center_x: 640.0
optical_center_y: 138.0
# y center is shifted because the actual camera used in dr_drift
# captures images with a height of 1024 px but pre-crops to 650 px

# Coordsys in back axle (vehicle coordsys)   
r11: 0.0
r12: -1.0
r13: 0.0
r21: -0.16030535407398705
r22: 0.0
r23: -0.9870674715819652
r31: 0.9870674715819652
r32: 0.0
r33: -0.16030535407398705
t1:  -0.0
t2:  261.4467032335305
t3:  12.067367911777676

        