 
# Automatically generated by camera_calibration.py
# Author: Konstantin Ditschuneit

# Parameters calculated using given horizontal fov and width of image
focal_length_x: 200.0
focal_length_y: 200.0
optical_center_x: 180.0
optical_center_y: 120.0
# y center is shifted because the actual camera used in dr_drift
# captures images with a height of 1024 px but pre-crops to 650 px

# Coordsys in back axle (vehicle coordsys)   
r11: 0.0
r12: -1.0
r13: 0.0
r21: -0.2002647131782181
r22: 0.0
r23: -0.9797418255110099
r31: 0.9797418255110099
r32: 0.0
r33: -0.2002647131782181
t1:  11.4112
t2:  215.87315047941146
t3:  39.747618759999575

        